     0.10000000      1.0000000      1.0000000     0.13934332      16.065668      16.205011      16.205011      67.877832      5.2092031     0.52000000           1000
     0.20000000      1.0000000      1.0000000     0.27526505      8.1183735      8.3936385      8.3936385      22.149869      3.7629176     0.53400000           1000
     0.30000000      1.0000000      1.0000000     0.34064624      6.2150416      6.5556879      6.5556879      29.320102      3.0345824     0.50900000           1000
     0.40000000      1.0000000      1.0000000     0.57055648      3.9340218      4.5045783      4.5045783      6.4402065      2.4698671     0.48700000           1000
     0.50000000      1.0000000      1.0000000     0.47376955      4.1049215      4.5786911      4.5786911      8.9225966      2.5315276     0.51600000           1000
     0.60000000      1.0000000      1.0000000     0.61669605      3.2869552      3.9036512      3.9036513      4.9235416      2.1898774     0.50800000           1000
     0.70000000      1.0000000      1.0000000     0.89399389      2.4612367      3.3552306      3.3552307      1.5396993      2.0189764     0.54200000           1000
     0.80000000      1.0000000      1.0000000     0.68949919      2.6726570      3.3621562      3.3621565      1.9344408      1.8529508     0.52200000           1000
     0.90000000      1.0000000      1.0000000      1.2539366      1.7852633      3.0391999      3.0392000    0.034232084      1.7742050     0.54300000           1000
      1.0000000      1.0000000      1.0000000     0.77165838      2.2283412      2.9999995      3.0000000  4.2579273E-12      1.8785197     0.51500000           1000
      1.1000000      1.0000000      1.0000000     0.48165405      2.3292106      2.8108646      2.8108658     0.68238289      1.7684235     0.53500000           1000
      1.2000000      1.0000000      1.0000000     0.80152668      1.9433837      2.7449104      2.7449112      2.3798669      1.6987064     0.48500000           1000
      1.3000000      1.0000000      1.0000000    0.075604113      2.2629549      2.3385591      2.3385611      7.2785284      1.5670783     0.50400000           1000
      1.4000000      1.0000000      1.0000000     0.80243873      1.7334490      2.5358877      2.5358890      8.8296344      1.6042739     0.53600000           1000
      1.5000000      1.0000000      1.0000000     0.78579555      1.6507569      2.4365524      2.4365539      12.166784      1.4468847     0.48300000           1000
      1.6000000      1.0000000      1.0000000    -0.92743422      2.2372762      1.3098420      1.3098491      71.150482      1.6963494     0.51100000           1000
      1.7000000      1.0000000      1.0000000      1.1935741      1.3517035      2.5452776      2.5452803      32.937622      1.4130696     0.49900000           1000
      1.8000000      1.0000000      1.0000000    -0.95179446      1.9604273      1.0086329      1.0086427      135.95265      1.1840041     0.51100000           1000
      1.9000000      1.0000000      1.0000000      1.2926733      1.2208650      2.5135383      2.5135424      31.426906      1.2421892     0.54300000           1000
