     0.10000000      1.0000000      1.0000000    0.064403567      23.559643      23.624047      23.624047      218.92052      6.0450926     0.42000000            100
     0.20000000      1.0000000      1.0000000     0.15345287      11.163678      11.317131      11.317131      47.577884      3.7586007     0.59000000            100
     0.30000000      1.0000000      1.0000000     0.43576785      5.1581348      5.5939026      5.5939026      14.440985      2.5709500     0.49000000            100
     0.40000000      1.0000000      1.0000000     0.15980673      6.5012074      6.6610142      6.6610142      18.371489      2.7173690     0.51000000            100
     0.50000000      1.0000000      1.0000000     0.38712691      4.4514921      4.8386190      4.8386191      11.129209      2.3772811     0.57000000            100
     0.60000000      1.0000000      1.0000000     0.27665411      4.2315158      4.5081699      4.5081701      8.0044353      2.7814673     0.55000000            100
     0.70000000      1.0000000      1.0000000    -0.67334147      5.6598801      4.9865387      4.9865389      10.415331      2.8731448     0.50000000            100
     0.80000000      1.0000000      1.0000000     0.42710373      3.0826503      3.5097540      3.5097541      1.4738324      1.6861816     0.38000000            100
     0.90000000      1.0000000      1.0000000     -5.8276972      10.528016      4.7003189      4.7003231      4.2191786      4.5409906     0.51000000            100
      1.0000000      1.0000000      1.0000000     -4.3765837      7.3765829      2.9999991      3.0000000  2.7284841E-12      3.7985536     0.47000000            100
      1.1000000      1.0000000      1.0000000     -2.0281031      4.4033896      2.3752865      2.3752882      1.1721882      2.1747376     0.55000000            100
      1.2000000      1.0000000      1.0000000     -5.0846329      6.0309917     0.94635881     0.94636366      8.0623255      3.6987976     0.56000000            100
      1.3000000      1.0000000      1.0000000     -2.6361136      3.8675209      1.2314073      1.2314106      10.344070      2.7589849     0.54000000            100
      1.4000000      1.0000000      1.0000000     -13.322614      8.9400973     -4.3825168     -4.3824934      72.174781      3.7538980     0.50000000            100
      1.5000000      1.0000000      1.0000000     -14.779715      8.5687519     -6.2109633     -6.2109399      118.70750      3.2940088     0.47000000            100
      1.6000000      1.0000000      1.0000000     -19.444698      9.4705744     -9.9741233     -9.9740960      209.05411      4.1297754     0.48000000            100
      1.7000000      1.0000000      1.0000000     -9.1673758      4.9368022     -4.2305737     -4.2305561      120.76581      2.5920438     0.52000000            100
      1.8000000      1.0000000      1.0000000     -18.913840      7.5042578     -11.409582     -11.409537      271.78889      3.3802148     0.55000000            100
      1.9000000      1.0000000      1.0000000     -22.821958      7.9007974     -14.921160     -14.921081      348.05221      4.5116663     0.53000000            100
