     0.10000000      1.0000000      1.0000000     0.14967978      15.032022      15.181701      15.181701      72.849267      5.0217726     0.51763000         100000
     0.20000000      1.0000000      1.0000000     0.30260200      7.4349499      7.7375519      7.7375519      17.193715      3.5670297     0.50828000         100000
     0.30000000      1.0000000      1.0000000     0.44660882      5.0376796      5.4842884      5.4842884      6.9908001      2.9155846     0.51340000         100000
     0.40000000      1.0000000      1.0000000     0.60422235      3.7236101      4.3278325      4.3278325      3.2213511      2.4976375     0.52496000         100000
     0.50000000      1.0000000      1.0000000     0.74509340      3.0196262      3.7647196      3.7647197      1.7083309      2.2599883     0.52370000         100000
     0.60000000      1.0000000      1.0000000     0.90206922      2.4942520      3.3963212      3.3963213     0.90364126      2.0606286     0.51768000         100000
     0.70000000      1.0000000      1.0000000      1.0376698      2.1680207      3.2056905      3.2056905     0.39888878      1.9218803     0.50641000         100000
     0.80000000      1.0000000      1.0000000      1.2224209      1.8399671      3.0623880      3.0623882     0.14533972      1.7704025     0.52605000         100000
     0.90000000      1.0000000      1.0000000      1.3455949      1.6721049      3.0176998      3.0176999    0.033936308      1.6886285     0.51605000         100000
      1.0000000      1.0000000      1.0000000      1.5014020      1.4985978      2.9999998      3.0000000  1.2256862E-13      1.6024536     0.52623000         100000
      1.1000000      1.0000000      1.0000000      1.6491533      1.3643359      3.0134892      3.0134895    0.027755638      1.5301661     0.52831000         100000
      1.2000000      1.0000000      1.0000000      1.7693087      1.2713132      3.0406219      3.0406222     0.13086274      1.4671578     0.52741000         100000
      1.3000000      1.0000000      1.0000000      1.9512935      1.1530806      3.1043741      3.1043744     0.23610578      1.3909932     0.51689000         100000
      1.4000000      1.0000000      1.0000000      2.0474742      1.0982272      3.1457015      3.1457019     0.78996086      1.3500640     0.51859000         100000
      1.5000000      1.0000000      1.0000000      2.2140669      1.0159701      3.2300370      3.2300374     0.62986787      1.3203111     0.52356000         100000
      1.6000000      1.0000000      1.0000000      2.3779367     0.94611825      3.3240550      3.3240555      1.6016401      1.2678835     0.52377000         100000
      1.7000000      1.0000000      1.0000000      2.5238341     0.89140668      3.4152408      3.4152414      1.4060283      1.2212871     0.50578000         100000
      1.8000000      1.0000000      1.0000000      2.6709078     0.84231220      3.5132200      3.5132207      1.3323935      1.1980089     0.53148000         100000
      1.9000000      1.0000000      1.0000000      2.7900729     0.80607378      3.5961467      3.5961474      2.4150909      1.1621025     0.52299000         100000
