     0.10000000      1.0000000      1.0000000   -0.032268949      33.226895      33.194626      33.194626      23.136070      7.1990234     0.60000000             10
     0.20000000      1.0000000      1.0000000    -0.18040563      19.510141      19.329735      19.329735      12.794690      2.7156383     0.60000000             10
     0.30000000      1.0000000      1.0000000    0.047738048      9.4695774      9.5173154      9.5173154      2.5108259      3.5868400     0.40000000             10
     0.40000000      1.0000000      1.0000000     -2.6765571      24.228481      21.551924      21.551924     0.96581027      6.9131696     0.60000000             10
     0.50000000      1.0000000      1.0000000     0.74473323      3.0210669      3.7658001      3.7658002      1.1334349      1.3968777     0.60000000             10
     0.60000000      1.0000000      1.0000000     -4.1315466      16.476518      12.344971      12.344971      3.1753336      2.9867887     0.50000000             10
     0.70000000      1.0000000      1.0000000     -1.9936855      8.3544604      6.3607749      6.3607748     0.18891234      1.6676945     0.90000000             10
     0.80000000      1.0000000      1.0000000     -12.241801      22.877803      10.636003      10.636009     0.85863393      8.8033541     0.50000000             10
     0.90000000      1.0000000      1.0000000     -10.205856      15.933154      5.7272977      5.7272993   0.0086699959      6.8461154     0.40000000             10
      1.0000000      1.0000000      1.0000000     -26.837238      29.837212      2.9999735      3.0000000  3.2502001E-11      4.8679696     0.60000000             10
      1.1000000      1.0000000      1.0000000     -16.282430      16.183817   -0.098613562   -0.098601522    0.028489533      5.9112183     0.30000000             10
      1.2000000      1.0000000      1.0000000     -29.625472      23.073224     -6.5522482     -6.5522186     0.93383972      6.2532468     0.60000000             10
      1.3000000      1.0000000      1.0000000     -42.387354      27.388933     -14.998421     -14.998364      1.2275217      7.3031293     0.50000000             10
      1.4000000      1.0000000      1.0000000     -22.244657      13.492161     -8.7524959     -8.7524742      3.7956255      2.0488960     0.60000000             10
      1.5000000      1.0000000      1.0000000     -47.620568      23.164658     -24.455911     -24.455822      2.8823019      5.1699477     0.30000000             10
      1.6000000      1.0000000      1.0000000     -40.671910      17.762437     -22.909472     -22.909402      3.6846169      4.1629730     0.50000000             10
      1.7000000      1.0000000      1.0000000     -28.886450      11.760000     -17.126449     -17.126401      40.986246      2.6755324     0.70000000             10
      1.8000000      1.0000000      1.0000000     -36.434318      12.911818     -23.522500     -23.522473      1.4812843      4.6511830     0.30000000             10
      1.9000000      1.0000000      1.0000000     -81.787593      24.234691     -57.552902     -57.552542      13.949888      9.1314401     0.20000000             10
