     0.10000000      1.0000000      1.0000000     0.15188719      14.811280      14.963168      14.963168      71.263746      5.0408802     0.50580000          10000
     0.20000000      1.0000000      1.0000000     0.29767847      7.5580382      7.8557166      7.8557166      16.782951      3.6393128     0.51410000          10000
     0.30000000      1.0000000      1.0000000     0.43280541      5.1910508      5.6238562      5.6238562      7.1737116      2.9799063     0.52660000          10000
     0.40000000      1.0000000      1.0000000     0.61979709      3.6262680      4.2460651      4.2460651      3.2490832      2.4906064     0.53220000          10000
     0.50000000      1.0000000      1.0000000     0.76307554      2.9476976      3.7107732      3.7107732      1.6921525      2.2238008     0.51020000          10000
     0.60000000      1.0000000      1.0000000     0.88787647      2.5336763      3.4215527      3.4215528      1.1752334      2.0461065     0.51890000          10000
     0.70000000      1.0000000      1.0000000      1.0252839      2.1932980      3.2185819      3.2185820     0.93950813      1.9267538     0.52920000          10000
     0.80000000      1.0000000      1.0000000      1.1599239      1.9376187      3.0975426      3.0975427     0.20057927      1.7949511     0.51030000          10000
     0.90000000      1.0000000      1.0000000      1.3941873      1.6121142      3.0063015      3.0063017    0.038210342      1.6630269     0.50760000          10000
      1.0000000      1.0000000      1.0000000      1.4613641      1.5386357      2.9999998      3.0000000  1.8829382E-13      1.6041781     0.51810000          10000
      1.1000000      1.0000000      1.0000000      1.5142642      1.4758145      2.9900787      2.9900790    0.063152697      1.5354501     0.50610000          10000
      1.2000000      1.0000000      1.0000000      1.8225899      1.2343123      3.0569022      3.0569026     0.20177210      1.4389362     0.51590000          10000
      1.3000000      1.0000000      1.0000000      1.6911503      1.3070113      2.9981616      2.9981622      1.7104477      1.4609290     0.51810000          10000
      1.4000000      1.0000000      1.0000000      2.0354068      1.1043840      3.1397909      3.1397913     0.90418882      1.3508560     0.52640000          10000
      1.5000000      1.0000000      1.0000000      2.1270239      1.0546558      3.1816797      3.1816802      1.3472938      1.3325781     0.52820000          10000
      1.6000000      1.0000000      1.0000000      2.3461132     0.95854931      3.3046626      3.3046631      1.3654848      1.2284500     0.50740000          10000
      1.7000000      1.0000000      1.0000000      2.2106212     0.99978465      3.2104058      3.2104070      9.1503353      1.2622011     0.51180000          10000
      1.8000000      1.0000000      1.0000000      2.2393931     0.97549549      3.2148886      3.2148901      11.132592      1.2400276     0.52270000          10000
      1.9000000      1.0000000      1.0000000      2.5809554     0.86400096      3.4449563      3.4449575      8.9438098      1.1758251     0.53300000          10000
