     0.10000000      1.0000000      1.0000000     0.14992688      15.007312      15.157239      15.157239      73.847475      5.0476210     0.50165030       10000000
     0.20000000      1.0000000      1.0000000     0.30010580      7.4973547      7.7974605      7.7974605      17.255029      3.5699074     0.52249320       10000000
     0.30000000      1.0000000      1.0000000     0.44978752      5.0023607      5.4521482      5.4521482      6.8932782      2.9165673     0.51441500       10000000
     0.40000000      1.0000000      1.0000000     0.60054074      3.7466202      4.3471609      4.3471610      3.3014641      2.5231026     0.51944320       10000000
     0.50000000      1.0000000      1.0000000     0.75015611      2.9993754      3.7495315      3.7495315      1.6870391      2.2569336     0.51650650       10000000
     0.60000000      1.0000000      1.0000000     0.90056711      2.4984245      3.3989916      3.3989917     0.85500270      2.0612302     0.52006660       10000000
     0.70000000      1.0000000      1.0000000      1.0500270      2.1428019      3.1928289      3.1928290     0.39912685      1.9056090     0.52030520       10000000
     0.80000000      1.0000000      1.0000000      1.2012476      1.8730504      3.0742980      3.0742981     0.15096383      1.7828076     0.51276170       10000000
     0.90000000      1.0000000      1.0000000      1.3518497      1.6643829      3.0162326      3.0162328    0.033449366      1.6809011     0.52366470       10000000
      1.0000000      1.0000000      1.0000000      1.4985563      1.5014435      2.9999998      3.0000000 -6.5085715E-12      1.5962936     0.51453390       10000000
      1.1000000      1.0000000      1.0000000      1.6490981      1.3643815      3.0134797      3.0134799    0.027450607      1.5216990     0.52225810       10000000
      1.2000000      1.0000000      1.0000000      1.8031411      1.2478185      3.0509596      3.0509599     0.10061265      1.4555451     0.52135530       10000000
      1.3000000      1.0000000      1.0000000      1.9486272      1.1546583      3.1032855      3.1032858     0.21146661      1.4004975     0.52856360       10000000
      1.4000000      1.0000000      1.0000000      2.0972469      1.0728330      3.1700799      3.1700803     0.35436394      1.3489984     0.51715510       10000000
      1.5000000      1.0000000      1.0000000      2.2490565      1.0004191      3.2494757      3.2494761     0.52242072      1.3025148     0.53022900       10000000
      1.6000000      1.0000000      1.0000000      2.3976263     0.93842706      3.3360533      3.3360538     0.71696760      1.2621182     0.50847480       10000000
      1.7000000      1.0000000      1.0000000      2.5453523     0.88396094      3.4293133      3.4293138     0.93126835      1.2250058     0.53528780       10000000
      1.8000000      1.0000000      1.0000000      2.7021033     0.83268399      3.5347872      3.5347879      1.1714226      1.1887010     0.53534360       10000000
      1.9000000      1.0000000      1.0000000      2.8521498     0.78887799      3.6410278      3.6410284      1.4178510      1.1571241     0.52606470       10000000
