     0.10000000      1.0000000      1.0000000     0.14901777      15.098223      15.247241      15.247241      74.786676      5.0599848     0.51956500        1000000
     0.20000000      1.0000000      1.0000000     0.29889483      7.5276291      7.8265239      7.8265239      17.390668      3.5782166     0.51335000        1000000
     0.30000000      1.0000000      1.0000000     0.44986748      5.0014722      5.4513397      5.4513397      6.9206585      2.9087819     0.52911300        1000000
     0.40000000      1.0000000      1.0000000     0.59769594      3.7644002      4.3620961      4.3620962      3.3403413      2.5253211     0.52721500        1000000
     0.50000000      1.0000000      1.0000000     0.75013658      2.9994535      3.7495901      3.7495901      1.7068782      2.2557406     0.52479900        1000000
     0.60000000      1.0000000      1.0000000     0.90299384      2.4916836      3.3946774      3.3946775     0.84106265      2.0556788     0.52359500        1000000
     0.70000000      1.0000000      1.0000000      1.0504523      2.1419339      3.1923862      3.1923863     0.39331054      1.9069622     0.51418900        1000000
     0.80000000      1.0000000      1.0000000      1.1965160      1.8804436      3.0769596      3.0769597     0.15437337      1.7875780     0.51253000        1000000
     0.90000000      1.0000000      1.0000000      1.3453138      1.6724519      3.0177657      3.0177659    0.033918060      1.6797388     0.52775900        1000000
      1.0000000      1.0000000      1.0000000      1.5025922      1.4974076      2.9999998      3.0000000  1.2381207E-12      1.5936290     0.52140700        1000000
      1.1000000      1.0000000      1.0000000      1.6485529      1.3648321      3.0133850      3.0133853    0.027861522      1.5232573     0.51810000        1000000
      1.2000000      1.0000000      1.0000000      1.7926361      1.2551137      3.0477497      3.0477500     0.10420543      1.4561317     0.53133100        1000000
      1.3000000      1.0000000      1.0000000      1.9444297      1.1571420      3.1015717      3.1015720     0.21092719      1.4052369     0.51676800        1000000
      1.4000000      1.0000000      1.0000000      2.0933635      1.0748144      3.1681779      3.1681782     0.35638984      1.3482304     0.51935700        1000000
      1.5000000      1.0000000      1.0000000      2.2384830      1.0051185      3.2436015      3.2436019     0.55113100      1.3075068     0.52814900        1000000
      1.6000000      1.0000000      1.0000000      2.4014358     0.93693897      3.3383747      3.3383752     0.72446221      1.2602293     0.51673900        1000000
      1.7000000      1.0000000      1.0000000      2.5433879     0.88464067      3.4280286      3.4280291      1.0261478      1.2233498     0.52839100        1000000
      1.8000000      1.0000000      1.0000000      2.6941071     0.83515194      3.5292590      3.5292596      1.2049073      1.1910371     0.52786600        1000000
      1.9000000      1.0000000      1.0000000      2.8560829     0.78778847      3.6438714      3.6438721      1.4302190      1.1572899     0.53078800        1000000
