     0.10000000      1.0000000      1.0000000     0.15116525      15.138679      15.289845      15.289845      73.081128      4.9984463     0.51229000         100000
     0.20000000      1.0000000      1.0000000     0.30191872      7.8034082      8.1053270      8.1053270      15.903759      3.5860411     0.51354000         100000
     0.30000000      1.0000000      1.0000000     0.45257901      5.4075166      5.8600956      5.8600956      6.3575936      2.9104624     0.51887000         100000
     0.40000000      1.0000000      1.0000000     0.59574430      4.2805987      4.8763430      4.8763430      3.0452249      2.5312053     0.52635000         100000
     0.50000000      1.0000000      1.0000000     0.74728488      3.5786958      4.3259807      4.3259808      1.5360151      2.2543779     0.51753000         100000
     0.60000000      1.0000000      1.0000000     0.89318378      3.1314031      4.0245869      4.0245869     0.73769276      2.0743373     0.53263000         100000
     0.70000000      1.0000000      1.0000000      1.0421087      2.8282308      3.8703395      3.8703396     0.43167881      1.9091566     0.53146000         100000
     0.80000000      1.0000000      1.0000000      1.1932628      2.6023696      3.7956324      3.7956325     0.26176939      1.7835520     0.52479000         100000
     0.90000000      1.0000000      1.0000000      1.3404649      2.4322392      3.7727040      3.7727042     0.24569044      1.6836275     0.52441000         100000
      1.0000000      1.0000000      1.0000000      1.5074817      2.2950657      3.8025474      3.8025476     0.35073474      1.5829253     0.52558000         100000
      1.1000000      1.0000000      1.0000000      1.6559642      2.2000925      3.8560567      3.8560570     0.50867093      1.5144668     0.51203000         100000
      1.2000000      1.0000000      1.0000000      1.7947674      2.1271932      3.9219606      3.9219609     0.65699260      1.4541873     0.53015000         100000
      1.3000000      1.0000000      1.0000000      1.9389598      2.0758882      4.0148480      4.0148483     0.93530250      1.3955788     0.52184000         100000
      1.4000000      1.0000000      1.0000000      2.0940499      2.0143842      4.1084341      4.1084345      1.3707349      1.3530090     0.52222000         100000
      1.5000000      1.0000000      1.0000000      2.2181434      1.9910694      4.2092128      4.2092133      1.6849622      1.3061866     0.52328000         100000
      1.6000000      1.0000000      1.0000000      2.4086795      1.9385057      4.3471852      4.3471857      1.7887925      1.2653299     0.52129000         100000
      1.7000000      1.0000000      1.0000000      2.5120163      1.9343554      4.4463717      4.4463722      2.4102002      1.2297057     0.51732000         100000
      1.8000000      1.0000000      1.0000000      2.7201651      1.9045684      4.6247334      4.6247341      2.7985152      1.1829926     0.51694000         100000
      1.9000000      1.0000000      1.0000000      2.8289728      1.9025456      4.7315184      4.7315191      3.2646645      1.1543719     0.50045000         100000
