     0.10000000      1.0000000      1.0000000     0.14769114      15.450670      15.598361      15.598361      78.091277      5.1858923     0.52000000            100
     0.20000000      1.0000000      1.0000000     0.19019448      10.609268      10.799462      10.799462      33.815422      3.7819543     0.48000000            100
     0.30000000      1.0000000      1.0000000     0.30564985      6.9442244      7.2498742      7.2498742      6.9279283      3.2645261     0.60000000            100
     0.40000000      1.0000000      1.0000000   -0.024841633      7.9840485      7.9592069      7.9592069      32.494858      3.7124671     0.49000000            100
     0.50000000      1.0000000      1.0000000     0.55928195      4.3531120      4.9123939      4.9123939      3.5816003      2.1987475     0.56000000            100
     0.60000000      1.0000000      1.0000000     0.28574713      4.8126193      5.0983664      5.0983665      5.7521938      2.2775333     0.59000000            100
     0.70000000      1.0000000      1.0000000     0.14174877      4.6096932      4.7514419      4.7514421      4.7931968      2.9136999     0.46000000            100
     0.80000000      1.0000000      1.0000000     -2.5207544      8.0790118      5.5582574      5.5582581      2.9314703      3.2979433     0.42000000            100
     0.90000000      1.0000000      1.0000000     -7.2124398      12.494857      5.2824176      5.2824226      3.8007703      5.0815733     0.52000000            100
      1.0000000      1.0000000      1.0000000     -1.0658988      4.5793109      3.5134121      3.5134127    0.027546732      2.1585285     0.52000000            100
      1.1000000      1.0000000      1.0000000     -2.9525729      5.6296115      2.6770386      2.6770400      1.5456170      3.2116768     0.42000000            100
      1.2000000      1.0000000      1.0000000     -1.9562595      4.5074638      2.5512042      2.5512069      5.4063932      1.8378700     0.49000000            100
      1.3000000      1.0000000      1.0000000     -6.8747320      6.9857483     0.11101629     0.11102382      25.492009      3.5390295     0.47000000            100
      1.4000000      1.0000000      1.0000000     -15.419681      10.664276     -4.7554046     -4.7553773      123.86377      4.0225910     0.58000000            100
      1.5000000      1.0000000      1.0000000     -4.4358425      4.7810485     0.34520603     0.34521747      37.307936      1.7458300     0.50000000            100
      1.6000000      1.0000000      1.0000000     -9.6968456      6.7849057     -2.9119399     -2.9119266      85.107193      1.1494633     0.58000000            100
      1.7000000      1.0000000      1.0000000     -1.6406126      2.9123928      1.2717802      1.2717826      23.318062      2.2672107     0.59000000            100
      1.8000000      1.0000000      1.0000000     -31.099680      11.643103     -19.456577     -19.456490      756.17342      3.7138541     0.50000000            100
      1.9000000      1.0000000      1.0000000     -1.1901283      2.6490875      1.4589592      1.4589601      36.743951      1.7320465     0.62000000            100
