     0.10000000      1.0000000      1.0000000     0.14611297      15.639172      15.785285      15.785285      79.249993      5.1253606     0.50700000           1000
     0.20000000      1.0000000      1.0000000     0.33809694      6.9280658      7.2661627      7.2661627      12.722020      3.2418716     0.51800000           1000
     0.30000000      1.0000000      1.0000000     0.44013204      5.6055646      6.0456966      6.0456967      8.1354047      2.8126596     0.49000000           1000
     0.40000000      1.0000000      1.0000000     0.61596330      4.1757248      4.7916881      4.7916882      5.6580378      2.3930535     0.50200000           1000
     0.50000000      1.0000000      1.0000000     0.73104554      3.6094860      4.3405315      4.3405316      2.4360447      2.3294911     0.53000000           1000
     0.60000000      1.0000000      1.0000000     0.75667303      3.4869058      4.2435788      4.2435789      2.5063790      2.2069544     0.51100000           1000
     0.70000000      1.0000000      1.0000000     0.63851285      3.6229253      4.2614381      4.2614383      4.8729440      2.2167806     0.52800000           1000
     0.80000000      1.0000000      1.0000000     0.99527963      2.9156082      3.9108879      3.9108881     0.98728994      1.7473120     0.51900000           1000
     0.90000000      1.0000000      1.0000000      1.2768556      2.4968713      3.7737269      3.7737271     0.19246837      1.7551492     0.51600000           1000
      1.0000000      1.0000000      1.0000000     0.90723789      2.8401324      3.7473703      3.7473709     0.27735291      1.8135724     0.56300000           1000
      1.1000000      1.0000000      1.0000000     0.96777716      2.7579823      3.7257595      3.7257600      1.1138246      1.7506853     0.49300000           1000
      1.2000000      1.0000000      1.0000000      1.3239545      2.4930179      3.8169725      3.8169728      1.3954582      1.5088774     0.51100000           1000
      1.3000000      1.0000000      1.0000000    -0.68184263      3.4841432      2.8023005      2.8023046      18.467784      1.8267288     0.52700000           1000
      1.4000000      1.0000000      1.0000000      1.7944140      2.1863573      3.9807714      3.9807717      2.0774143      1.3730970     0.54000000           1000
      1.5000000      1.0000000      1.0000000     -1.0091849      3.3173269      2.3081420      2.3081492      60.046168      1.8964676     0.50800000           1000
      1.6000000      1.0000000      1.0000000     -1.2320309      3.2439625      2.0119317      2.0119403      83.936473      1.3966806     0.50200000           1000
      1.7000000      1.0000000      1.0000000     -1.3541844      3.1465272      1.7923428      1.7923509      121.35217      1.6596436     0.51600000           1000
      1.8000000      1.0000000      1.0000000      1.1836909      2.1903477      3.3740386      3.3740396      12.034489      1.4961728     0.53800000           1000
      1.9000000      1.0000000      1.0000000     0.23730629      2.4969463      2.7342526      2.7342568      79.904869      1.4847896     0.49800000           1000
