     0.10000000      1.0000000      1.0000000     0.14977351      15.274271      15.424045      15.424045      72.590713      5.0540056     0.50622400        1000000
     0.20000000      1.0000000      1.0000000     0.30045224      7.8453663      8.1458185      8.1458185      16.350132      3.5674108     0.52379600        1000000
     0.30000000      1.0000000      1.0000000     0.44947338      5.4417389      5.8912122      5.8912123      6.3850158      2.9189527     0.51918900        1000000
     0.40000000      1.0000000      1.0000000     0.60075669      4.2489705      4.8497272      4.8497272      2.8902563      2.5277394     0.52903200        1000000
     0.50000000      1.0000000      1.0000000     0.74574191      3.5797372      4.3254791      4.3254791      1.4634709      2.2648181     0.51229700        1000000
     0.60000000      1.0000000      1.0000000     0.89716743      3.1229314      4.0200988      4.0200989     0.73769003      2.0677513     0.52932100        1000000
     0.70000000      1.0000000      1.0000000      1.0470083      2.8145663      3.8615746      3.8615747     0.42526658      1.9116079     0.52125100        1000000
     0.80000000      1.0000000      1.0000000      1.1996698      2.5897190      3.7893887      3.7893889     0.29439178      1.7838573     0.51110900        1000000
     0.90000000      1.0000000      1.0000000      1.3492507      2.4233246      3.7725753      3.7725754     0.27021024      1.6861660     0.52529700        1000000
      1.0000000      1.0000000      1.0000000      1.4998000      2.2990941      3.7988941      3.7988943     0.36663009      1.5941540     0.52803000        1000000
      1.1000000      1.0000000      1.0000000      1.6465398      2.2002829      3.8468227      3.8468230     0.47434306      1.5257564     0.52702300        1000000
      1.2000000      1.0000000      1.0000000      1.7790757      2.1352686      3.9143443      3.9143445     0.68459025      1.4656708     0.51693500        1000000
      1.3000000      1.0000000      1.0000000      1.9398635      2.0692101      4.0090737      4.0090740     0.91363222      1.4020396     0.52554200        1000000
      1.4000000      1.0000000      1.0000000      2.1101005      2.0148539      4.1249544      4.1249548      1.1634894      1.3453220     0.52308000        1000000
      1.5000000      1.0000000      1.0000000      2.2482940      1.9770716      4.2253656      4.2253660      1.4581755      1.3034798     0.52158300        1000000
      1.6000000      1.0000000      1.0000000      2.4037457      1.9498631      4.3536088      4.3536093      1.8588459      1.2591774     0.51669600        1000000
      1.7000000      1.0000000      1.0000000      2.5544452      1.9220496      4.4764948      4.4764954      2.1080896      1.2221086     0.52619800        1000000
      1.8000000      1.0000000      1.0000000      2.6947672      1.9052701      4.6000372      4.6000378      2.5123574      1.1903883     0.52139300        1000000
      1.9000000      1.0000000      1.0000000      2.8485388      1.8868051      4.7353439      4.7353446      2.8895389      1.1604392     0.52403600        1000000
