     0.10000000      1.0000000      1.0000000     0.13422454      16.730123      16.864347      16.864347      12.748830      6.5702018     0.50000000             10
     0.20000000      1.0000000      1.0000000    0.099801006      12.934871      13.034672      13.034672      7.9731688      2.5666862     0.40000000             10
     0.30000000      1.0000000      1.0000000    -0.48652663      15.857021      15.370495      15.370495      13.873041      2.5584393     0.60000000             10
     0.40000000      1.0000000      1.0000000     -2.2060149      21.442060      19.236045      19.236045      21.213295      6.5547710     0.50000000             10
     0.50000000      1.0000000      1.0000000     -6.4677802      32.020085      25.552305      25.552305      13.207824      6.7243258     0.40000000             10
     0.60000000      1.0000000      1.0000000     -2.7091473      12.700733      9.9915857      9.9915860      3.1915069      5.7273114     0.50000000             10
     0.70000000      1.0000000      1.0000000     -8.8074249      22.676867      13.869443      13.869444     0.10511960      2.6123498     0.50000000             10
     0.80000000      1.0000000      1.0000000     -17.818184      31.706484      13.888300      13.888311     0.83166109      8.6952543     0.70000000             10
     0.90000000      1.0000000      1.0000000     -15.604070      22.746736      7.1426667      7.1426738    0.042539369      6.7109659     0.30000000             10
      1.0000000      1.0000000      1.0000000     -20.119041      23.357033      3.2379914      3.2380050  0.00091768855      4.2729522     0.60000000             10
      1.1000000      1.0000000      1.0000000     -12.435928      13.172981     0.73705238     0.73705806    0.065717394      5.9755987     0.50000000             10
      1.2000000      1.0000000      1.0000000     -31.762866      24.737323     -7.0255426     -7.0255065      5.1217985      5.6222682     0.60000000             10
      1.3000000      1.0000000      1.0000000     -22.819465      15.947691     -6.8717744     -6.8717610      2.6682059      7.3159923     0.40000000             10
      1.4000000      1.0000000      1.0000000     -40.311482      22.901750     -17.409732     -17.409657      13.453556      5.2536056     0.60000000             10
      1.5000000      1.0000000      1.0000000     -60.448982      28.960328     -31.488654     -31.488536      2.7974419      10.625106     0.60000000             10
      1.6000000      1.0000000      1.0000000     -53.930078      23.090538     -30.839540     -30.839436      1.9299429      6.7161801     0.50000000             10
      1.7000000      1.0000000      1.0000000     -39.235350      15.490764     -23.744586     -23.744477      4.3917298      6.6830583     0.40000000             10
      1.8000000      1.0000000      1.0000000     -113.54620      36.863753     -76.682444     -76.682052      10.450653      6.5847002     0.40000000             10
      1.9000000      1.0000000      1.0000000     -76.380049      22.933847     -53.446202     -53.445990      24.676184      5.0774528     0.50000000             10
