     0.10000000      1.0000000      1.0000000     0.14938502      15.309514      15.458899      15.458899      68.284633      5.1443146     0.51510000          10000
     0.20000000      1.0000000      1.0000000     0.32094893      7.3546676      7.6756166      7.6756166      14.400311      3.4048095     0.49650000          10000
     0.30000000      1.0000000      1.0000000     0.43015659      5.6537707      6.0839273      6.0839273      6.5313607      2.9703655     0.51230000          10000
     0.40000000      1.0000000      1.0000000     0.60318793      4.2392804      4.8424684      4.8424684      3.3106388      2.5151845     0.50800000          10000
     0.50000000      1.0000000      1.0000000     0.70369586      3.7336965      4.4373923      4.4373924      1.9449861      2.3340950     0.51720000          10000
     0.60000000      1.0000000      1.0000000     0.84913491      3.2608648      4.1099997      4.1099997      1.7891096      2.0534092     0.53120000          10000
     0.70000000      1.0000000      1.0000000     0.99955221      2.8874985      3.8870507      3.8870508     0.53880586      2.0071004     0.51890000          10000
     0.80000000      1.0000000      1.0000000      1.1304066      2.6845750      3.8149817      3.8149818     0.31578920      1.8111293     0.51940000          10000
     0.90000000      1.0000000      1.0000000      1.3506893      2.4146945      3.7653838      3.7653840     0.26067253      1.6751088     0.52860000          10000
      1.0000000      1.0000000      1.0000000      1.5287029      2.3017976      3.8305005      3.8305007     0.78698075      1.5664822     0.51520000          10000
      1.1000000      1.0000000      1.0000000      1.5400873      2.2622931      3.8023804      3.8023807     0.42837442      1.5684721     0.50560000          10000
      1.2000000      1.0000000      1.0000000      1.7064656      2.1672883      3.8737539      3.8737542     0.69837978      1.5010699     0.52210000          10000
      1.3000000      1.0000000      1.0000000      1.8408560      2.1079989      3.9488550      3.9488554      1.7425192      1.4428583     0.51540000          10000
      1.4000000      1.0000000      1.0000000      2.0148860      2.0538646      4.0687506      4.0687511      1.9469246      1.3712800     0.51350000          10000
      1.5000000      1.0000000      1.0000000      2.0937019      2.0437153      4.1374172      4.1374177      2.4748055      1.3052076     0.52560000          10000
      1.6000000      1.0000000      1.0000000      2.3670714      1.9445226      4.3115940      4.3115947      2.7197933      1.2749752     0.52230000          10000
      1.7000000      1.0000000      1.0000000      2.2288417      2.0474416      4.2762833      4.2762851      19.517240      1.2121324     0.51390000          10000
      1.8000000      1.0000000      1.0000000      2.5386717      1.9182685      4.4569402      4.4569409      4.9077714      1.2114118     0.53490000          10000
      1.9000000      1.0000000      1.0000000      2.7520678      1.9584214      4.7104892      4.7104903      7.6707050      1.1449537     0.51810000          10000
