0.99600000     0.27700000    0.010000000    0.014441316    0.016313501    0.030754817    0.098327568  7.1850239E-05      17.618789     0.49767000        1000000
0.99600000     0.27700000    0.050000000    0.070101645    0.084591946     0.15469359     0.29999276   0.0013532111      8.1486765     0.50227800        1000000
0.99600000     0.27700000     0.10000000     0.13809238     0.17154162     0.30963400     0.51329477   0.0045560016      5.8298752     0.50883700        1000000
0.99600000     0.27700000     0.15000000     0.20563162     0.25803457     0.46366618     0.71388969    0.010412084      4.7626835     0.49677900        1000000
0.99600000     0.27700000     0.20000000     0.27263268     0.34588705     0.61851973     0.90669756    0.013675326      4.1388249     0.51354600        1000000
0.99600000     0.27700000     0.25000000     0.34066703     0.43162905     0.77229608      1.0955473    0.020234323      3.6974648     0.51322500        1000000
0.99600000     0.27700000     0.30000000     0.41015065     0.51494087     0.92509152      1.2814915    0.030121312      3.3609136     0.51673800        1000000
0.99600000     0.27700000     0.35000000     0.47717883     0.60125213      1.0784310      1.4642805    0.037306148      3.1112164     0.51566700        1000000
0.99600000     0.27700000     0.40000000     0.54291749     0.68995848      1.2328760      1.6447291    0.043567518      2.9155590     0.51997800        1000000
0.99600000     0.27700000     0.45000000     0.61259543     0.77179413      1.3843896      1.8243214    0.054664540      2.7371004     0.52587800        1000000
0.99600000     0.27700000     0.50000000     0.67813928     0.85929823      1.5374375      2.0017991    0.068035637      2.5993726     0.51357100        1000000
0.99600000     0.27700000     0.55000000     0.74566143     0.94506691      1.6907283      2.1782786    0.074458343      2.4771974     0.52981000        1000000
0.99600000     0.27700000     0.60000000     0.81712221      1.0262789      1.8434011      2.3539031    0.084055644      2.3648706     0.51128900        1000000
0.99600000     0.27700000     0.65000000     0.88338690      1.1122536      1.9956405      2.5284478     0.10033435      2.2690582     0.51564900        1000000
0.99600000     0.27700000     0.70000000     0.95005563      1.1982494      2.1483050      2.7020245     0.10747030      2.1862218     0.51584600        1000000
0.99600000     0.27700000     0.75000000      1.0203454      1.2791014      2.2994467      2.8751053     0.12090273      2.1043489     0.51912200        1000000
0.99600000     0.27700000     0.80000000      1.0856201      1.3657964      2.4514164      3.0471906     0.13707903      2.0383251     0.50746500        1000000
0.99600000     0.27700000     0.85000000      1.1512845      1.4533710      2.6046555      3.2187277     0.14976242      1.9778702     0.52016500        1000000
0.99600000     0.27700000     0.90000000      1.2192493      1.5368367      2.7560859      3.3897770     0.16005830      1.9181183     0.52714900        1000000
0.99600000     0.27700000     0.95000000      1.2941958      1.6122357      2.9064315      3.5601948     0.17984473      1.8621765     0.51935400        1000000
0.99600000     0.27700000      1.0000000      1.3625467      1.6949297      3.0574764      3.7301414     0.19812606      1.8116365     0.53226300        1000000
