0.99600000     0.27700000    0.010000000    0.014294862    0.083985686    0.098280548    0.098280548  0.00098524399      17.650560     0.51784900        1000000
0.99600000     0.27700000    0.050000000    0.069502817     0.23038674     0.29988956     0.29988956   0.0026408864      8.1665074     0.52015100        1000000
0.99600000     0.27700000     0.10000000     0.13730256     0.37607063     0.51337319     0.51337319   0.0034576503      5.8293164     0.51794500        1000000
0.99600000     0.27700000     0.15000000     0.20616584     0.50767676     0.71384260     0.71384260   0.0037277597      4.7638699     0.52327700        1000000
0.99600000     0.27700000     0.20000000     0.27300634     0.63415258     0.90715892     0.90715892   0.0037222896      4.1280618     0.51447200        1000000
0.99600000     0.27700000     0.25000000     0.34210326     0.75368345      1.0957867      1.0957867   0.0035314948      3.6924255     0.51049500        1000000
0.99600000     0.27700000     0.30000000     0.40922365     0.87164819      1.2808718      1.2808718   0.0032490718      3.3752060     0.53387200        1000000
0.99600000     0.27700000     0.35000000     0.47663067     0.98757597      1.4642066      1.4642066   0.0029503456      3.1133707     0.51642700        1000000
0.99600000     0.27700000     0.40000000     0.54450831      1.1006869      1.6451952      1.6451952   0.0025956238      2.9057747     0.51724700        1000000
0.99600000     0.27700000     0.45000000     0.61310955      1.2110362      1.8241458      1.8241458   0.0022350424      2.7402719     0.52654300        1000000
0.99600000     0.27700000     0.50000000     0.67885191      1.3230365      2.0018884      2.0018884   0.0019081170      2.5977245     0.51951500        1000000
0.99600000     0.27700000     0.55000000     0.74875915      1.4298593      2.1786185      2.1786185   0.0015753738      2.4688899     0.52425000        1000000
0.99600000     0.27700000     0.60000000     0.81394643      1.5399626      2.3539090      2.3539090   0.0012894468      2.3649231     0.51921700        1000000
0.99600000     0.27700000     0.65000000     0.88447966      1.6440516      2.5285313      2.5285313   0.0010171683      2.2668551     0.52684700        1000000
0.99600000     0.27700000     0.70000000     0.95013082      1.7519471      2.7020779      2.7020779  0.00078926507      2.1847598     0.51423700        1000000
0.99600000     0.27700000     0.75000000      1.0184700      1.8564883      2.8749584      2.8749584  0.00059291553      2.1085766     0.52338600        1000000
0.99600000     0.27700000     0.80000000      1.0905798      1.9567452      3.0473250      3.0473250  0.00043856479      2.0338986     0.52671400        1000000
0.99600000     0.27700000     0.85000000      1.1557256      2.0631334      3.2188590      3.2188590  0.00032298268      1.9716321     0.51962000        1000000
0.99600000     0.27700000     0.90000000      1.2280805      2.1616691      3.3897496      3.3897496  0.00025141260      1.9176618     0.50377200        1000000
0.99600000     0.27700000     0.95000000      1.2916253      2.2686003      3.5602256      3.5602256  0.00022293248      1.8623415     0.53062200        1000000
0.99600000     0.27700000      1.0000000      1.3628621      2.3672816      3.7301438      3.7301438  0.00023407882      1.8142870     0.52162600        1000000
