     0.99500000     0.20000000      1.0000000      1.3405857      2.3915223      3.7321080      3.7321081   0.0047794598      1.8599009     0.53263400        1000000
     0.99500000     0.20100000      1.0000000      1.3424002      2.3892205      3.7316207      3.7316209   0.0046571067      1.8537235     0.52146000        1000000
     0.99500000     0.20200000      1.0000000      1.3361522      2.3960825      3.7322347      3.7322349   0.0045265545      1.8609507     0.51683800        1000000
     0.99500000     0.20300000      1.0000000      1.3358651      2.3962508      3.7321159      3.7321161   0.0044011525      1.8601008     0.50839200        1000000
     0.99500000     0.20400000      1.0000000      1.3395726      2.3923883      3.7319609      3.7319611   0.0042774724      1.8574291     0.52951100        1000000
     0.99500000     0.20500000      1.0000000      1.3386985      2.3929291      3.7316276      3.7316278   0.0041933967      1.8538001     0.51668900        1000000
     0.99500000     0.20600000      1.0000000      1.3355316      2.3965979      3.7321295      3.7321295   0.0040396491      1.8591671     0.52111400        1000000
     0.99500000     0.20700000      1.0000000      1.3456752      2.3858113      3.7314865      3.7314867   0.0039465982      1.8518014     0.51636300        1000000
     0.99500000     0.20800000      1.0000000      1.3376951      2.3941302      3.7318253      3.7318255   0.0038348218      1.8553190     0.53024500        1000000
     0.99500000     0.20900000      1.0000000      1.3361434      2.3956259      3.7317692      3.7317696   0.0037374095      1.8569673     0.52403700        1000000
     0.99500000     0.21000000      1.0000000      1.3416833      2.3902112      3.7318945      3.7318943   0.0035979232      1.8571583     0.51677300        1000000
     0.99500000     0.21100000      1.0000000      1.3382357      2.3933761      3.7316118      3.7316120   0.0035026373      1.8523808     0.53668600        1000000
     0.99500000     0.21200000      1.0000000      1.3451707      2.3863735      3.7315442      3.7315444   0.0033921239      1.8530278     0.51047600        1000000
     0.99500000     0.21300000      1.0000000      1.3428400      2.3886687      3.7315087      3.7315088   0.0033095267      1.8517979     0.52614900        1000000
     0.99500000     0.21400000      1.0000000      1.3387720      2.3929349      3.7317070      3.7317072   0.0031958845      1.8547594     0.51580700        1000000
     0.99500000     0.21500000      1.0000000      1.3434321      2.3878608      3.7312930      3.7312931   0.0031163142      1.8486132     0.52229400        1000000
     0.99500000     0.21600000      1.0000000      1.3455385      2.3856758      3.7312143      3.7312145   0.0030207558      1.8473303     0.52200800        1000000
     0.99500000     0.21700000      1.0000000      1.3405368      2.3909368      3.7314736      3.7314737   0.0029240222      1.8519093     0.52819500        1000000
     0.99500000     0.21800000      1.0000000      1.3432617      2.3880929      3.7313546      3.7313548   0.0028280935      1.8485469     0.52863500        1000000
     0.99500000     0.21900000      1.0000000      1.3401021      2.3913371      3.7314392      3.7314393   0.0027454013      1.8515376     0.52736900        1000000
     0.99500000     0.22000000      1.0000000      1.3345774      2.3967095      3.7312869      3.7312871   0.0026675429      1.8494569     0.51866500        1000000
     0.99500000     0.22100000      1.0000000      1.3438487      2.3872740      3.7311227      3.7311230   0.0025769381      1.8448055     0.51681600        1000000
     0.99500000     0.22200000      1.0000000      1.3498714      2.3810677      3.7309391      3.7309393   0.0024863174      1.8424536     0.49976400        1000000
     0.99500000     0.22300000      1.0000000      1.3384925      2.3928380      3.7313305      3.7313306   0.0023892286      1.8487629     0.52305400        1000000
     0.99500000     0.22400000      1.0000000      1.3417192      2.3895294      3.7312486      3.7312488   0.0023203450      1.8476725     0.51761200        1000000
     0.99500000     0.22500000      1.0000000      1.3435380      2.3876120      3.7311500      3.7311502   0.0022337694      1.8457718     0.52378500        1000000
     0.99500000     0.22600000      1.0000000      1.3400190      2.3911655      3.7311845      3.7311847   0.0021587169      1.8464667     0.53549100        1000000
     0.99500000     0.22700000      1.0000000      1.3512001      2.3797440      3.7309442      3.7309443   0.0020815149      1.8402091     0.52362700        1000000
     0.99500000     0.22800000      1.0000000      1.3443560      2.3865306      3.7308866      3.7308868   0.0020320343      1.8420801     0.52385900        1000000
     0.99500000     0.22900000      1.0000000      1.3418162      2.3891030      3.7309191      3.7309194   0.0019534854      1.8432033     0.52454600        1000000
     0.99500000     0.23000000      1.0000000      1.3499135      2.3806801      3.7305936      3.7305938   0.0018907667      1.8367785     0.51220400        1000000
     0.99500000     0.23100000      1.0000000      1.3443589      2.3863815      3.7307404      3.7307406   0.0018182902      1.8377289     0.52349400        1000000
     0.99500000     0.23200000      1.0000000      1.3462002      2.3845728      3.7307731      3.7307732   0.0017537788      1.8405589     0.52650400        1000000
     0.99500000     0.23300000      1.0000000      1.3465542      2.3842837      3.7308379      3.7308380   0.0016773282      1.8411892     0.52197900        1000000
     0.99500000     0.23400000      1.0000000      1.3487090      2.3819801      3.7306892      3.7306894   0.0016132528      1.8377691     0.51233100        1000000
     0.99500000     0.23500000      1.0000000      1.3434984      2.3874340      3.7309324      3.7309326   0.0015489071      1.8438029     0.51913800        1000000
     0.99500000     0.23600000      1.0000000      1.3468792      2.3840343      3.7309135      3.7309137   0.0014913417      1.8440076     0.53190000        1000000
     0.99500000     0.23700000      1.0000000      1.3389995      2.3917748      3.7307743      3.7307745   0.0014430477      1.8407111     0.52269300        1000000
     0.99500000     0.23800000      1.0000000      1.3456431      2.3849577      3.7306008      3.7306010   0.0013927775      1.8364818     0.53278000        1000000
     0.99500000     0.23900000      1.0000000      1.3447743      2.3859137      3.7306880      3.7306882   0.0013310794      1.8383223     0.51467100        1000000
     0.99500000     0.24000000      1.0000000      1.3495750      2.3809767      3.7305517      3.7305519   0.0012789778      1.8342403     0.52750100        1000000
     0.99500000     0.24100000      1.0000000      1.3434178      2.3872424      3.7306601      3.7306603   0.0012244941      1.8364432     0.51503800        1000000
     0.99500000     0.24200000      1.0000000      1.3521431      2.3783921      3.7305352      3.7305354   0.0011725379      1.8350914     0.52569900        1000000
     0.99500000     0.24300000      1.0000000      1.3445063      2.3861907      3.7306970      3.7306971   0.0011124518      1.8380517     0.52115600        1000000
     0.99500000     0.24400000      1.0000000      1.3472909      2.3832552      3.7305461      3.7305465   0.0010711915      1.8350886     0.51789300        1000000
     0.99500000     0.24500000      1.0000000      1.3538947      2.3765567      3.7304514      3.7304516   0.0010274897      1.8291973     0.51729700        1000000
     0.99500000     0.24600000      1.0000000      1.3499732      2.3805665      3.7305398      3.7305399  0.00098044458      1.8311999     0.53071200        1000000
     0.99500000     0.24700000      1.0000000      1.3492807      2.3811208      3.7304015      3.7304017  0.00094460793      1.8303765     0.52489700        1000000
     0.99500000     0.24800000      1.0000000      1.3451698      2.3853709      3.7305407      3.7305409  0.00089526023      1.8336953     0.50823600        1000000
     0.99500000     0.24900000      1.0000000      1.3487405      2.3816685      3.7304090      3.7304091  0.00085720907      1.8305635     0.52174200        1000000
     0.99500000     0.25000000      1.0000000      1.3472638      2.3831174      3.7303812      3.7303814  0.00082006621      1.8300410     0.53128600        1000000
     0.99500000     0.25100000      1.0000000      1.3500897      2.3803073      3.7303970      3.7303972  0.00078238401      1.8284636     0.51920200        1000000
     0.99500000     0.25200000      1.0000000      1.3519987      2.3782480      3.7302467      3.7302469  0.00075020312      1.8301487     0.51960600        1000000
     0.99500000     0.25300000      1.0000000      1.3512275      2.3790924      3.7303199      3.7303198  0.00071140466      1.8288744     0.52499400        1000000
     0.99500000     0.25400000      1.0000000      1.3533905      2.3769875      3.7303780      3.7303781  0.00067394986      1.8297119     0.52601700        1000000
     0.99500000     0.25500000      1.0000000      1.3568157      2.3734737      3.7302894      3.7302896  0.00064145943      1.8246485     0.52107400        1000000
     0.99500000     0.25600000      1.0000000      1.3569312      2.3733447      3.7302759      3.7302761  0.00060895766      1.8276312     0.52365000        1000000
     0.99500000     0.25700000      1.0000000      1.3498355      2.3805660      3.7304014      3.7304016  0.00057904878      1.8307935     0.52065900        1000000
     0.99500000     0.25800000      1.0000000      1.3532483      2.3770005      3.7302488      3.7302489  0.00055258467      1.8240383     0.52497300        1000000
     0.99500000     0.25900000      1.0000000      1.3534400      2.3767907      3.7302307      3.7302309  0.00052791123      1.8220362     0.52059700        1000000
     0.99500000     0.26000000      1.0000000      1.3494530      2.3809065      3.7303596      3.7303598  0.00050056115      1.8254698     0.52028100        1000000
     0.99500000     0.26100000      1.0000000      1.3533402      2.3768730      3.7302131      3.7302133  0.00047744175      1.8237385     0.52399200        1000000
     0.99500000     0.26200000      1.0000000      1.3613881      2.3688503      3.7302384      3.7302385  0.00045104573      1.8175399     0.52160600        1000000
     0.99500000     0.26300000      1.0000000      1.3456919      2.3845831      3.7302749      3.7302751  0.00043177907      1.8248312     0.53462100        1000000
     0.99500000     0.26400000      1.0000000      1.3601056      2.3700557      3.7301613      3.7301615  0.00040500805      1.8225076     0.51594100        1000000
     0.99500000     0.26500000      1.0000000      1.3610484      2.3691257      3.7301741      3.7301743  0.00038528916      1.8193314     0.52024800        1000000
     0.99500000     0.26600000      1.0000000      1.3562095      2.3739843      3.7301937      3.7301939  0.00036876409      1.8217494     0.51323900        1000000
     0.99500000     0.26700000      1.0000000      1.3571406      2.3730860      3.7302266      3.7302268  0.00034859558      1.8213701     0.52907100        1000000
     0.99500000     0.26800000      1.0000000      1.3578402      2.3723410      3.7301813      3.7301814  0.00033606798      1.8195187     0.52691600        1000000
     0.99500000     0.26900000      1.0000000      1.3572792      2.3728752      3.7301544      3.7301546  0.00032099192      1.8192224     0.52277200        1000000
     0.99500000     0.27000000      1.0000000      1.3597767      2.3704625      3.7302392      3.7302394  0.00030160760      1.8211741     0.52341100        1000000
     0.99500000     0.27100000      1.0000000      1.3636898      2.3665457      3.7302355      3.7302357  0.00028903244      1.8176496     0.51452700        1000000
     0.99500000     0.27200000      1.0000000      1.3566579      2.3735031      3.7301610      3.7301612  0.00028215334      1.8177710     0.50716900        1000000
     0.99500000     0.27300000      1.0000000      1.3603052      2.3699291      3.7302342      3.7302344  0.00026744804      1.8202001     0.52122100        1000000
     0.99500000     0.27400000      1.0000000      1.3626131      2.3675791      3.7301922      3.7301923  0.00025911037      1.8150652     0.51878700        1000000
     0.99500000     0.27500000      1.0000000      1.3642653      2.3658613      3.7301266      3.7301267  0.00025063731      1.8138155     0.51734300        1000000
     0.99500000     0.27600000      1.0000000      1.3583587      2.3718039      3.7301626      3.7301628  0.00024575602      1.8163625     0.52081600        1000000
     0.99500000     0.27700000      1.0000000      1.3640262      2.3661623      3.7301885      3.7301887  0.00023747525      1.8122753     0.52374000        1000000
     0.99500000     0.27800000      1.0000000      1.3646067      2.3654986      3.7301054      3.7301055  0.00023189129      1.8151275     0.51951500        1000000
     0.99500000     0.27900000      1.0000000      1.3633658      2.3667977      3.7301635      3.7301637  0.00022865584      1.8151522     0.53350400        1000000
     0.99500000     0.28000000      1.0000000      1.3625889      2.3675600      3.7301490      3.7301492  0.00022647282      1.8141461     0.50046700        1000000
     0.99500000     0.28100000      1.0000000      1.3581626      2.3720560      3.7302185      3.7302187  0.00022434270      1.8137053     0.51780700        1000000
     0.99500000     0.28200000      1.0000000      1.3607809      2.3693965      3.7301773      3.7301775  0.00022368170      1.8132413     0.52700400        1000000
     0.99500000     0.28300000      1.0000000      1.3565049      2.3736528      3.7301576      3.7301578  0.00022483827      1.8119952     0.52468800        1000000
     0.99500000     0.28400000      1.0000000      1.3566859      2.3734448      3.7301307      3.7301309  0.00022573895      1.8180690     0.53279300        1000000
     0.99500000     0.28500000      1.0000000      1.3670293      2.3631458      3.7301751      3.7301753  0.00022461490      1.8118067     0.51359700        1000000
     0.99500000     0.28600000      1.0000000      1.3651010      2.3651068      3.7302078      3.7302080  0.00022794512      1.8100056     0.51962900        1000000
     0.99500000     0.28700000      1.0000000      1.3634106      2.3667922      3.7302028      3.7302030  0.00023406775      1.8089179     0.52323100        1000000
     0.99500000     0.28800000      1.0000000      1.3639642      2.3662901      3.7302543      3.7302544  0.00023674600      1.8077135     0.51509200        1000000
     0.99500000     0.28900000      1.0000000      1.3625812      2.3675600      3.7301412      3.7301414  0.00024385364      1.8123242     0.52225800        1000000
     0.99500000     0.29000000      1.0000000      1.3616141      2.3685705      3.7301846      3.7301848  0.00025051115      1.8089252     0.52483300        1000000
     0.99500000     0.29100000      1.0000000      1.3634823      2.3666955      3.7301778      3.7301783  0.00026146898      1.8077535     0.52325400        1000000
     0.99500000     0.29200000      1.0000000      1.3700584      2.3602485      3.7303069      3.7303071  0.00026509245      1.8038564     0.51976800        1000000
     0.99500000     0.29300000      1.0000000      1.3610773      2.3691027      3.7301800      3.7301802  0.00027906929      1.8099965     0.50956700        1000000
     0.99500000     0.29400000      1.0000000      1.3561686      2.3740602      3.7302289      3.7302290  0.00028959529      1.8120291     0.52764000        1000000
     0.99500000     0.29500000      1.0000000      1.3657241      2.3645467      3.7302708      3.7302709  0.00029896463      1.8051568     0.51424000        1000000
     0.99500000     0.29600000      1.0000000      1.3638042      2.3664825      3.7302867      3.7302869  0.00031300105      1.8041803     0.53102700        1000000
     0.99500000     0.29700000      1.0000000      1.3662125      2.3640748      3.7302873      3.7302875  0.00032737390      1.8038268     0.52567500        1000000
     0.99500000     0.29800000      1.0000000      1.3657254      2.3644771      3.7302024      3.7302026  0.00034239111      1.8084199     0.51629900        1000000
     0.99500000     0.29900000      1.0000000      1.3652104      2.3649861      3.7301966      3.7301967  0.00035763930      1.8069877     0.51250500        1000000
     0.99500000     0.30000000      1.0000000      1.3678648      2.3624886      3.7303534      3.7303536  0.00037002373      1.8016859     0.52764300        1000000
     0.99500000     0.30100000      1.0000000      1.3632165      2.3670679      3.7302844      3.7302845  0.00039097876      1.8059113     0.51630000        1000000
     0.99500000     0.30200000      1.0000000      1.3665898      2.3637910      3.7303808      3.7303809  0.00040596049      1.8012487     0.50924500        1000000
     0.99500000     0.30300000      1.0000000      1.3670372      2.3633080      3.7303452      3.7303453  0.00042670339      1.8012298     0.51239700        1000000
     0.99500000     0.30400000      1.0000000      1.3658843      2.3644041      3.7302884      3.7302886  0.00044417328      1.8039821     0.52619000        1000000
     0.99500000     0.30500000      1.0000000      1.3734006      2.3571547      3.7305553      3.7305554  0.00045748764      1.7964324     0.51617700        1000000
     0.99500000     0.30600000      1.0000000      1.3692192      2.3612889      3.7305081      3.7305083  0.00048240774      1.7971457     0.53283300        1000000
     0.99500000     0.30700000      1.0000000      1.3669152      2.3635610      3.7304762      3.7304764  0.00050584213      1.7992527     0.52218300        1000000
     0.99500000     0.30800000      1.0000000      1.3684105      2.3620300      3.7304405      3.7304407  0.00053053182      1.7992714     0.50876600        1000000
     0.99500000     0.30900000      1.0000000      1.3661118      2.3642970      3.7304088      3.7304090  0.00056089891      1.8002892     0.52631800        1000000
     0.99500000     0.31000000      1.0000000      1.3697683      2.3606903      3.7304586      3.7304588  0.00058260563      1.7975022     0.50714600        1000000
     0.99500000     0.31100000      1.0000000      1.3675995      2.3628023      3.7304019      3.7304021  0.00060563634      1.8001228     0.51485800        1000000
     0.99500000     0.31200000      1.0000000      1.3714763      2.3590835      3.7305599      3.7305601  0.00062723533      1.7949356     0.53022900        1000000
     0.99500000     0.31300000      1.0000000      1.3740816      2.3563714      3.7304530      3.7304532  0.00065752251      1.7974946     0.52171800        1000000
     0.99500000     0.31400000      1.0000000      1.3695920      2.3607556      3.7303476      3.7303478  0.00068867750      1.8013615     0.51382500        1000000
     0.99500000     0.31500000      1.0000000      1.3681802      2.3624201      3.7306004      3.7306005  0.00071655546      1.7955934     0.53359500        1000000
     0.99500000     0.31600000      1.0000000      1.3717445      2.3586783      3.7304227      3.7304229  0.00074350677      1.7987740     0.52675100        1000000
     0.99500000     0.31700000      1.0000000      1.3740536      2.3563280      3.7303816      3.7303818  0.00077850066      1.7995281     0.53081200        1000000
     0.99500000     0.31800000      1.0000000      1.3698531      2.3606285      3.7304816      3.7304818  0.00081117719      1.7971834     0.52227700        1000000
     0.99500000     0.31900000      1.0000000      1.3737074      2.3568066      3.7305140      3.7305142  0.00083586205      1.7967931     0.52316500        1000000
     0.99500000     0.32000000      1.0000000      1.3706931      2.3598083      3.7305013      3.7305015  0.00087310514      1.7965113     0.52197600        1000000
     0.99500000     0.32100000      1.0000000      1.3754282      2.3551866      3.7306148      3.7306150  0.00089641143      1.7948007     0.52438000        1000000
     0.99500000     0.32200000      1.0000000      1.3743031      2.3564846      3.7307877      3.7307879  0.00093236499      1.7901195     0.52876200        1000000
     0.99500000     0.32300000      1.0000000      1.3755610      2.3553116      3.7308726      3.7308729  0.00096226244      1.7883377     0.52475700        1000000
     0.99500000     0.32400000      1.0000000      1.3739292      2.3569472      3.7308765      3.7308766   0.0010002333      1.7883519     0.52971100        1000000
     0.99500000     0.32500000      1.0000000      1.3687835      2.3619178      3.7307013      3.7307015   0.0010383367      1.7933004     0.52782300        1000000
     0.99500000     0.32600000      1.0000000      1.3728955      2.3577344      3.7306298      3.7306300   0.0010785641      1.7937427     0.50879300        1000000
     0.99500000     0.32700000      1.0000000      1.3735645      2.3571741      3.7307385      3.7307387   0.0011148954      1.7921318     0.51940600        1000000
     0.99500000     0.32800000      1.0000000      1.3676283      2.3630293      3.7306575      3.7306577   0.0011621109      1.7938402     0.51905800        1000000
     0.99500000     0.32900000      1.0000000      1.3726105      2.3580079      3.7306184      3.7306186   0.0011997763      1.7939270     0.52148300        1000000
     0.99500000     0.33000000      1.0000000      1.3740131      2.3566594      3.7306725      3.7306728   0.0012274549      1.7929871     0.52874500        1000000
     0.99500000     0.33100000      1.0000000      1.3751551      2.3556748      3.7308299      3.7308299   0.0012660830      1.7898869     0.51767500        1000000
     0.99500000     0.33200000      1.0000000      1.3668604      2.3636902      3.7305506      3.7305509   0.0013218470      1.7955167     0.51741300        1000000
     0.99500000     0.33300000      1.0000000      1.3729638      2.3580686      3.7310324      3.7310326   0.0013508966      1.7869092     0.51917900        1000000
     0.99500000     0.33400000      1.0000000      1.3714649      2.3590999      3.7305647      3.7305649   0.0014042489      1.7945473     0.51777400        1000000
     0.99500000     0.33500000      1.0000000      1.3767114      2.3541514      3.7308629      3.7308631   0.0014309987      1.7890537     0.51181700        1000000
     0.99500000     0.33600000      1.0000000      1.3785960      2.3524887      3.7310847      3.7310848   0.0014646462      1.7855969     0.52548900        1000000
     0.99500000     0.33700000      1.0000000      1.3767383      2.3541024      3.7308407      3.7308408   0.0015241732      1.7896004     0.51845100        1000000
     0.99500000     0.33800000      1.0000000      1.3735807      2.3571069      3.7306877      3.7306878   0.0015698313      1.7922917     0.51423400        1000000
     0.99500000     0.33900000      1.0000000      1.3780196      2.3529679      3.7309875      3.7309877   0.0016070649      1.7868107     0.52861300        1000000
     0.99500000     0.34000000      1.0000000      1.3720976      2.3588706      3.7309682      3.7309684   0.0016654145      1.7879230     0.52276500        1000000
     0.99500000     0.34100000      1.0000000      1.3784222      2.3525152      3.7309375      3.7309376   0.0017125371      1.7876467     0.51371500        1000000
     0.99500000     0.34200000      1.0000000      1.3741706      2.3568528      3.7310233      3.7310235   0.0017613368      1.7867222     0.53205300        1000000
     0.99500000     0.34300000      1.0000000      1.3806565      2.3505898      3.7312462      3.7312464   0.0017996156      1.7824155     0.52328800        1000000
     0.99500000     0.34400000      1.0000000      1.3698986      2.3609281      3.7308268      3.7308269   0.0018691089      1.7901881     0.52059000        1000000
     0.99500000     0.34500000      1.0000000      1.3791542      2.3520188      3.7311730      3.7311736   0.0019044534      1.7838768     0.51408400        1000000
     0.99500000     0.34600000      1.0000000      1.3802243      2.3509305      3.7311548      3.7311550   0.0019389410      1.7842118     0.52908300        1000000
     0.99500000     0.34700000      1.0000000      1.3750085      2.3563718      3.7313803      3.7313805   0.0019981879      1.7816055     0.52330500        1000000
     0.99500000     0.34800000      1.0000000      1.3718674      2.3588701      3.7307375      3.7307376   0.0020749671      1.7908252     0.49815100        1000000
     0.99500000     0.34900000      1.0000000      1.3752505      2.3559685      3.7312190      3.7312190   0.0021005427      1.7837820     0.51458400        1000000
     0.99500000     0.35000000      1.0000000      1.3782956      2.3531824      3.7314780      3.7314782   0.0021537367      1.7797897     0.52822000        1000000
     0.99500000     0.35100000      1.0000000      1.3765225      2.3548827      3.7314051      3.7314053   0.0021905833      1.7812222     0.51499800        1000000
     0.99500000     0.35200000      1.0000000      1.3771383      2.3541509      3.7312892      3.7312894   0.0022590444      1.7824155     0.52350300        1000000
     0.99500000     0.35300000      1.0000000      1.3769983      2.3541275      3.7311258      3.7311260   0.0023113021      1.7848418     0.51648200        1000000
     0.99500000     0.35400000      1.0000000      1.3827689      2.3485922      3.7313611      3.7313613   0.0023565946      1.7810464     0.51956100        1000000
     0.99500000     0.35500000      1.0000000      1.3729754      2.3580375      3.7310129      3.7310132   0.0024256164      1.7864284     0.52501900        1000000
     0.99500000     0.35600000      1.0000000      1.3779701      2.3535158      3.7314860      3.7314862   0.0024733094      1.7798496     0.52214100        1000000
     0.99500000     0.35700000      1.0000000      1.3805843      2.3509071      3.7314915      3.7314916   0.0025248941      1.7793939     0.52934600        1000000
     0.99500000     0.35800000      1.0000000      1.3783382      2.3529595      3.7312977      3.7312979   0.0026030473      1.7823726     0.51941000        1000000
     0.99500000     0.35900000      1.0000000      1.3792603      2.3517245      3.7309848      3.7309850   0.0026539362      1.7858299     0.52606700        1000000
     0.99500000     0.36000000      1.0000000      1.3822971      2.3490291      3.7313262      3.7313264   0.0026930358      1.7812668     0.52524000        1000000
     0.99500000     0.36100000      1.0000000      1.3777300      2.3537003      3.7314303      3.7314305   0.0027701151      1.7805909     0.50199600        1000000
     0.99500000     0.36200000      1.0000000      1.3801128      2.3512199      3.7313326      3.7313328   0.0028198747      1.7815264     0.52694400        1000000
     0.99500000     0.36300000      1.0000000      1.3833458      2.3480585      3.7314043      3.7314045   0.0028807577      1.7804617     0.52843400        1000000
     0.99500000     0.36400000      1.0000000      1.3740314      2.3577038      3.7317352      3.7317354   0.0029518964      1.7773932     0.51580100        1000000
     0.99500000     0.36500000      1.0000000      1.3839371      2.3479435      3.7318806      3.7318809   0.0029886991      1.7743297     0.52258500        1000000
     0.99500000     0.36600000      1.0000000      1.3855639      2.3460697      3.7316336      3.7316338   0.0030492663      1.7771815     0.50950400        1000000
     0.99500000     0.36700000      1.0000000      1.3825848      2.3491314      3.7317162      3.7317163   0.0031169503      1.7764853     0.52869500        1000000
     0.99500000     0.36800000      1.0000000      1.3768358      2.3543931      3.7312289      3.7312291   0.0031879933      1.7827696     0.51743500        1000000
     0.99500000     0.36900000      1.0000000      1.3796285      2.3520838      3.7317123      3.7317124   0.0032579418      1.7771246     0.51784000        1000000
     0.99500000     0.37000000      1.0000000      1.3781836      2.3533944      3.7315779      3.7315781   0.0033035561      1.7787385     0.53081200        1000000
     0.99500000     0.37100000      1.0000000      1.3865452      2.3456384      3.7321836      3.7321838   0.0033408233      1.7706985     0.50600800        1000000
     0.99500000     0.37200000      1.0000000      1.3823857      2.3499213      3.7323070      3.7323071   0.0034272990      1.7700998     0.51305300        1000000
     0.99500000     0.37300000      1.0000000      1.3775636      2.3539105      3.7314741      3.7314743   0.0035022570      1.7797596     0.50832900        1000000
     0.99500000     0.37400000      1.0000000      1.3791186      2.3527304      3.7318490      3.7318491   0.0035691909      1.7754355     0.48934700        1000000
     0.99500000     0.37500000      1.0000000      1.3858650      2.3461743      3.7320394      3.7320395   0.0036253640      1.7726904     0.52261600        1000000
     0.99500000     0.37600000      1.0000000      1.3863387      2.3458313      3.7321700      3.7321701   0.0036929637      1.7711740     0.52596400        1000000
     0.99500000     0.37700000      1.0000000      1.3828153      2.3491461      3.7319614      3.7319615   0.0037515272      1.7737145     0.52715200        1000000
     0.99500000     0.37800000      1.0000000      1.3799418      2.3519730      3.7319148      3.7319147   0.0038235030      1.7746448     0.53222400        1000000
     0.99500000     0.37900000      1.0000000      1.3807234      2.3511230      3.7318464      3.7318466   0.0038979278      1.7754389     0.52772600        1000000
     0.99500000     0.38000000      1.0000000      1.3821990      2.3498478      3.7320467      3.7320469   0.0039485645      1.7730154     0.51589500        1000000
     0.99500000     0.38100000      1.0000000      1.3858795      2.3463852      3.7322647      3.7322648   0.0039988894      1.7703996     0.53054500        1000000
     0.99500000     0.38200000      1.0000000      1.3790255      2.3527341      3.7317596      3.7317598   0.0041001280      1.7764483     0.51522900        1000000
     0.99500000     0.38300000      1.0000000      1.3758690      2.3558887      3.7317577      3.7317579   0.0041751940      1.7766701     0.52229000        1000000
     0.99500000     0.38400000      1.0000000      1.3846147      2.3476934      3.7323081      3.7323083   0.0042215743      1.7700877     0.51872300        1000000
     0.99500000     0.38500000      1.0000000      1.3869808      2.3458567      3.7328375      3.7328377   0.0042775058      1.7645096     0.51614300        1000000
     0.99500000     0.38600000      1.0000000      1.3873656      2.3452656      3.7326312      3.7326314   0.0043527017      1.7665559     0.52165300        1000000
     0.99500000     0.38700000      1.0000000      1.3847127      2.3477899      3.7325027      3.7325028   0.0044369006      1.7681864     0.51843000        1000000
     0.99500000     0.38800000      1.0000000      1.3890051      2.3437850      3.7327902      3.7327903   0.0044760331      1.7646387     0.53183900        1000000
     0.99500000     0.38900000      1.0000000      1.3836970      2.3485281      3.7322251      3.7322253   0.0045666317      1.7707770     0.50009600        1000000
     0.99500000     0.39000000      1.0000000      1.3847640      2.3474969      3.7322609      3.7322611   0.0046485188      1.7705614     0.51854500        1000000
     0.99500000     0.39100000      1.0000000      1.3849188      2.3469849      3.7319037      3.7319039   0.0047244720      1.7739384     0.51125600        1000000
     0.99500000     0.39200000      1.0000000      1.3891331      2.3438065      3.7329396      3.7329398   0.0047860868      1.7636401     0.53015200        1000000
     0.99500000     0.39300000      1.0000000      1.3853347      2.3471699      3.7325046      3.7325047   0.0048731707      1.7681612     0.52871900        1000000
     0.99500000     0.39400000      1.0000000      1.3867376      2.3460221      3.7327598      3.7327599   0.0049434264      1.7657395     0.53406000        1000000
     0.99500000     0.39500000      1.0000000      1.3853684      2.3471341      3.7325025      3.7325026   0.0050137975      1.7682686     0.52834500        1000000
     0.99500000     0.39600000      1.0000000      1.3877416      2.3443086      3.7320502      3.7320504   0.0050771820      1.7721674     0.51835900        1000000
     0.99500000     0.39700000      1.0000000      1.3828527      2.3492303      3.7320831      3.7320832   0.0051691289      1.7725479     0.52467600        1000000
     0.99500000     0.39800000      1.0000000      1.3890156      2.3437975      3.7328132      3.7328134   0.0052165710      1.7648158     0.52312800        1000000
     0.99500000     0.39900000      1.0000000      1.3829921      2.3493197      3.7323118      3.7323120   0.0052862238      1.7697289     0.51485500        1000000
